Response Time of API: https://todolistauth.herokuapp.com/
1.212494
1.039122
1.048426
1.040539
1.045022
1.044822
1.046849
1.045103
1.052553
1.044746
1.046924
1.038943
1.046402
1.046036
1.054281
1.044830
1.044394
1.040036
1.049705
1.043761
1.051375
1.045016
1.044553
1.040473
1.037565
1.047758
1.046600
1.041552
1.041374
1.036580
1.040536
1.039067
1.042922
1.047005
1.043175
1.039403
1.046392
1.065509
1.045101
1.043395
1.048420
1.049078
1.042750
1.043136
1.037625
1.045995
1.037725
1.043891
1.046878
1.047832
Response Time of POST API: https://todolistauth.herokuapp.com/item
1.296086
1.191871
1.205509
1.190216
1.171693
1.142868
1.231709
1.146962
1.138263
1.155664
1.216698
1.180907
1.175101
1.228935
1.207924
1.156020
1.192349
1.152336
1.160683
1.153502
1.173904
1.170899
1.160112
1.274468
1.179796
1.153761
1.170479
1.139959
1.151019
1.213524
1.159706
1.227682
1.166161
1.170932
1.181566
1.207463
1.140924
1.156717
1.176565
1.198607
1.172519
1.175836
1.131695
1.137323
1.157956
1.161834
1.142254
1.162070
1.176546
1.163591
Response Time of PUT API: https://todolistauth.herokuapp.com/item
1.215564
1.216406
1.176561
1.246012
1.176989
1.132837
1.147453
1.351323
1.151604
1.160740
1.172973
1.173114
1.166263
1.138996
1.142007
1.202201
1.236722
1.144642
1.143217
1.132878
1.180680
1.188677
1.129392
1.127356
1.142697
1.134726
1.122286
1.138838
1.204281
1.169312
1.135165
1.137596
1.136242
1.261912
1.185592
1.139747
1.147364
1.161214
1.136887
1.129758
1.149139
1.149683
1.167907
1.140340
1.163368
1.139293
1.160221
1.167484
1.159422
1.139090
Response Time of DELETE API: https://todolistauth.herokuapp.com/item
1.223883
1.151198
1.153168
1.137323
1.134532
1.140976
1.167792
1.146279
1.134354
1.470755
1.160580
1.181595
1.151262
1.174983
1.137219
1.168487
1.133517
1.158739
1.182285
1.145146
1.135770
1.148238
1.153788
1.248528
1.149378
1.130817
1.154989
1.143951
1.121704
1.134823
1.125303
1.149581
1.148829
1.123931
1.118931
1.129829
1.190574
1.137251
1.124523
1.140426
1.154054
1.165705
1.146575
1.156053
1.147374
1.153895
1.192087
1.133712
1.183838
1.166446
Response Time of API: https://todolistauth.herokuapp.com/item/status
1.200309
1.168948
1.145710
1.204212
1.203330
1.177989
1.215618
1.127193
1.140121
1.160381
1.252698
1.658403
1.141471
1.156466
1.145829
1.165169
1.139125
1.156135
1.165539
1.167919
1.168365
1.134988
1.141391
1.217576
1.164909
1.140002
1.141302
1.158119
1.162499
1.141437
1.163701
1.264386
1.164182
1.222278
1.171953
1.177323
1.183431
1.157597
1.137154
1.189740
1.193752
1.140348
1.119350
1.171237
1.158412
1.135944
1.167918
1.155354
1.191822
1.192840
