Response Time of API: https://vbm4noxwbg.execute-api.us-east-2.amazonaws.com/prod/items?userid=1&item_status=1
1.450699
1.038206
1.016099
1.050791
1.020562
1.096280
1.036150
1.167816
1.108853
0.994607
1.013804
1.030217
1.002407
1.016295
0.988254
0.996622
1.023330
1.011979
1.022470
1.014674
1.022427
1.020660
1.004851
0.992811
0.999399
1.017105
1.009666
1.004369
1.035852
1.004821
1.003686
1.020174
1.027939
1.004718
1.015986
0.997557
1.008696
1.062988
1.006659
0.990302
1.092048
0.988137
1.206114
1.093844
1.031990
1.022061
1.035671
1.099503
1.051898
1.036363
Response Time of API: https://vbm4noxwbg.execute-api.us-east-2.amazonaws.com/prod/items?userid=1&item_status=0
0.995023
0.999194
1.028893
0.992840
1.002862
1.015411
1.031373
1.028479
0.993735
1.017105
0.992573
1.033461
1.017422
0.993711
0.993974
1.028141
1.010934
1.029537
1.075430
0.985596
0.991249
0.993383
1.023252
1.048581
0.991890
0.998822
1.008952
1.000024
1.018654
0.993197
0.994061
0.991881
1.000043
1.011927
0.993971
0.985106
0.996195
0.995419
1.008818
1.013698
1.031239
0.992674
0.995888
1.007323
1.029778
1.018514
1.014831
1.018005
1.022256
0.998574
Response Time of POST API: https://vbm4noxwbg.execute-api.us-east-2.amazonaws.com/prod/item
1.073069
0.994175
1.026303
1.012659
1.011118
1.031578
0.995880
0.998872
1.007805
1.002972
1.036946
0.992263
1.074443
1.027209
1.025763
0.995546
1.005173
1.171069
1.020530
1.032597
1.005620
1.021282
1.014854
1.019120
1.031612
0.995663
1.041847
1.007122
1.018345
1.016352
0.997777
1.010751
1.002147
1.002030
1.026773
1.034136
0.999912
1.001076
1.001462
1.040407
1.000475
1.009753
1.007532
0.997366
1.011275
1.031411
1.006766
0.996913
0.995037
1.014516
Response Time of PUT API: https://vbm4noxwbg.execute-api.us-east-2.amazonaws.com/prod/item
2.076091
1.034614
1.029612
1.023548
1.017016
0.997750
0.996767
0.994100
1.014756
1.033078
0.995999
1.013988
0.993449
1.054768
1.016856
1.000191
0.991202
1.001252
1.021644
1.029438
0.997767
0.991768
0.996615
1.001039
1.017935
0.997695
1.005637
0.998712
0.988674
1.002981
1.057669
1.002940
0.995912
1.001601
1.011002
1.031506
1.035426
0.993969
1.003129
1.053099
0.999775
0.998105
0.997928
0.995144
1.017020
1.008487
1.012787
1.041909
1.018684
1.017088
Response Time of DELETE API: https://vbm4noxwbg.execute-api.us-east-2.amazonaws.com/prod/item
1.915619
1.229239
1.003336
1.016503
1.029878
0.997437
1.002163
1.003489
1.008065
1.016476
0.998854
0.989954
1.034566
1.010132
0.989496
1.014896
0.993309
1.266373
1.013168
1.010176
0.997943
0.994276
1.017086
1.001120
1.008172
1.016407
1.209164
1.018546
1.043546
0.996802
1.019865
0.995586
1.355615
1.041793
0.995511
0.997398
0.997490
0.995208
1.023940
1.014906
1.017606
0.994400
1.018429
1.002407
1.025970
0.996724
0.990145
1.021784
1.015998
0.997283
Response Time of API: https://vbm4noxwbg.execute-api.us-east-2.amazonaws.com/prod/item/status
2.426880
1.072673
0.987147
1.003121
1.033046
0.999714
0.998532
0.992945
1.033493
1.024846
1.028384
1.004080
0.997402
1.057615
1.070626
1.041767
1.016443
0.989779
0.995402
1.022384
1.019803
0.992157
0.990642
1.015228
1.024085
1.011236
0.999557
1.007993
1.001909
1.034795
1.002676
1.106270
1.214154
1.285425
0.996948
1.008462
0.995585
0.992952
1.022272
1.015210
0.994981
1.006904
1.005186
1.045477
1.041469
0.990939
0.997712
1.017377
1.005232
1.026424